import "../../styles/Header.css";
import userAvatar from "../../../../static/images/user-avatar.png";

export default function HeaderRight() {
  return (
    <div id="header-right">
      <button type="button" className="wide-screen-button">
        <svg
          xmlns="http://www.w3.org/2000/svg"
          width="0.3in"
          height="0.222222in"
          viewBox="0 0 27 20"
          id="camera-icon"
        >
          <path
            d="M 22.21,2.87
              C 22.21,2.87 18.41,5.68 18.41,5.68
                18.41,5.68 18.41,2.50 18.41,2.50
                18.41,1.12 17.31,0.00 15.96,0.00
                15.96,0.00 2.45,0.00 2.45,0.00
                1.10,0.00 0.00,1.12 0.00,2.50
                0.00,2.50 0.00,17.50 0.00,17.50
                0.00,18.88 1.10,20.00 2.45,20.00
                2.45,20.00 15.96,20.00 15.96,20.00
                17.31,20.00 18.41,18.88 18.41,17.50
                18.41,17.50 18.41,14.32 18.41,14.32
                18.41,14.32 22.21,17.13 22.21,17.13
                22.48,17.33 22.98,17.50 23.32,17.50
                23.32,17.50 25.77,17.50 25.77,17.50
                26.46,17.50 27.00,16.94 27.00,16.25
                27.00,16.25 27.00,3.75 27.00,3.75
                27.00,3.06 26.45,2.50 25.77,2.50
                25.77,2.50 23.32,2.50 23.32,2.50
                22.97,2.50 22.48,2.66 22.21,2.87 Z
              M 2.45,17.50
              C 2.45,17.50 2.45,2.50 2.45,2.50
                2.45,2.50 15.95,2.50 15.95,2.50
                15.95,2.50 15.95,17.50 15.95,17.50
                15.95,17.50 2.45,17.50 2.45,17.50 Z
              M 4.91,13.75
              C 4.91,13.06 5.46,12.50 6.14,12.50
                6.14,12.50 12.27,12.50 12.27,12.50
                12.95,12.50 13.50,13.05 13.50,13.75
                13.50,14.44 12.95,15.00 12.27,15.00
                12.27,15.00 6.14,15.00 6.14,15.00
                5.46,15.00 4.91,14.45 4.91,13.75 Z
              M 23.51,15.00
              C 23.51,15.00 18.42,11.24 18.42,11.24
                18.42,11.24 18.42,8.76 18.42,8.76
                18.42,8.76 23.51,5.00 23.51,5.00
                23.51,5.00 24.55,5.00 24.55,5.00
                24.55,5.00 24.55,15.00 24.55,15.00
                24.55,15.00 23.51,15.00 23.51,15.00 Z"
          />
        </svg>
      </button>

      <button type="button" className="wide-screen-button">
        <svg
          xmlns="http://www.w3.org/2000/svg"
          width="0.233333in"
          height="0.233333in"
          viewBox="0 0 21 21"
          id="dots-icon"
        >
          <path
            d="M 0.00,2.50
                C 0.00,3.88 1.12,5.00 2.50,5.00
                  3.88,5.00 5.00,3.88 5.00,2.50
                  5.00,1.12 3.88,0.00 2.50,0.00
                  1.12,0.00 0.00,1.12 0.00,2.50 Z
                M 2.50,13.00
                C 1.12,13.00 0.00,11.88 0.00,10.50
                  0.00,9.12 1.12,8.00 2.50,8.00
                  3.88,8.00 5.00,9.12 5.00,10.50
                  5.00,11.88 3.88,13.00 2.50,13.00 Z
                M 2.50,21.00
                C 1.12,21.00 0.00,19.88 0.00,18.50
                  0.00,17.12 1.12,16.00 2.50,16.00
                  3.88,16.00 5.00,17.12 5.00,18.50
                  5.00,19.88 3.88,21.00 2.50,21.00 Z
                M 10.50,21.00
                C 9.12,21.00 8.00,19.88 8.00,18.50
                  8.00,17.12 9.12,16.00 10.50,16.00
                  11.88,16.00 13.00,17.12 13.00,18.50
                  13.00,19.88 11.88,21.00 10.50,21.00 Z
                M 16.00,18.50
                C 16.00,19.88 17.12,21.00 18.50,21.00
                  19.88,21.00 21.00,19.88 21.00,18.50
                  21.00,17.12 19.88,16.00 18.50,16.00
                  17.12,16.00 16.00,17.12 16.00,18.50 Z
                M 10.50,13.00
                C 9.12,13.00 8.00,11.88 8.00,10.50
                  8.00,9.12 9.12,8.00 10.50,8.00
                  11.88,8.00 13.00,9.12 13.00,10.50
                  13.00,11.88 11.88,13.00 10.50,13.00 Z
                M 8.00,2.50
                C 8.00,3.88 9.12,5.00 10.50,5.00
                  11.88,5.00 13.00,3.88 13.00,2.50
                  13.00,1.12 11.88,0.00 10.50,0.00
                  9.12,0.00 8.00,1.12 8.00,2.50 Z
                M 18.50,13.00
                C 17.12,13.00 16.00,11.88 16.00,10.50
                  16.00,9.12 17.12,8.00 18.50,8.00
                  19.88,8.00 21.00,9.12 21.00,10.50
                  21.00,11.88 19.88,13.00 18.50,13.00 Z
                M 16.00,2.50
                C 16.00,3.88 17.12,5.00 18.50,5.00
                  19.88,5.00 21.00,3.88 21.00,2.50
                  21.00,1.12 19.88,0.00 18.50,0.00
                  17.12,0.00 16.00,1.12 16.00,2.50 Z"
          />
        </svg>
      </button>

      <button type="button" className="bell-container">
        <svg
          xmlns="http://www.w3.org/2000/svg"
          width="0.244444in"
          height="0.288889in"
          viewBox="0 0 22 26"
          id="bell-icon"
        >
          <path
            d="M 3.67,22.45
                  C 1.64,22.45 0.00,20.87 0.00,18.91
                    0.00,17.61 0.73,16.45 1.84,15.84
                    1.84,15.48 1.83,11.23 1.83,11.23
                    1.83,7.14 4.67,3.70 8.56,2.68
                    8.56,2.68 8.56,2.36 8.56,2.36
                    8.56,1.06 9.65,0.00 11.00,0.00
                    12.35,0.00 13.44,1.06 13.44,2.36
                    13.44,2.36 13.44,2.68 13.44,2.68
                    17.33,3.70 20.17,7.14 20.17,11.23
                    20.17,11.23 20.17,15.85 20.17,15.85
                    21.28,16.47 22.00,17.62 22.00,18.91
                    22.00,20.87 20.36,22.45 18.33,22.45
                    18.33,22.45 14.67,22.45 14.67,22.45
                    14.66,24.41 13.02,26.00 11.00,26.00
                    8.97,26.00 7.33,24.41 7.33,22.46
                    7.33,22.46 3.67,22.45 3.67,22.45 Z
                  M 9.78,22.45
                  C 9.78,23.11 10.32,23.64 11.00,23.64
                    11.67,23.64 12.22,23.11 12.22,22.45
                    12.22,22.45 9.78,22.45 9.78,22.45 Z
                  M 17.72,11.23
                  C 17.72,11.23 17.72,16.94 17.72,16.94
                    17.72,17.27 17.99,17.60 18.32,17.68
                    18.32,17.68 18.64,17.76 18.64,17.76
                    19.17,17.90 19.56,18.37 19.56,18.91
                    19.56,19.56 19.01,20.09 18.33,20.09
                    18.33,20.09 3.67,20.09 3.67,20.09
                    2.99,20.09 2.44,19.56 2.44,18.91
                    2.44,18.37 2.83,17.90 3.36,17.76
                    3.36,17.76 3.69,17.68 3.69,17.68
                    4.02,17.60 4.28,17.27 4.28,16.94
                    4.28,16.94 4.28,11.23 4.28,11.23
                    4.28,7.64 7.29,4.73 11.00,4.73
                    14.71,4.73 17.72,7.64 17.72,11.23 Z"
          />
        </svg>

        <div className="chip">3</div>
      </button>

      <button type="button">
        <img src={userAvatar} alt="User avatar" id="user-avatar" />
      </button>
    </div>
  );
}
