<?xml version="1.0" encoding="UTF-8" standalone="no"?>
<!DOCTYPE svg PUBLIC "-//W3C//DTD SVG 20010904//EN"
              "http://www.w3.org/TR/2001/REC-SVG-20010904/DTD/svg10.dtd">

<svg xmlns="http://www.w3.org/2000/svg"
     width="0.233333in" height="0.233333in"
     viewBox="0 0 21 21">
  <path id="Imported Path"
        fill="none" stroke="black" stroke-width="1"
        d="M 0.00,2.50
           C 0.00,3.88 1.12,5.00 2.50,5.00
             3.88,5.00 5.00,3.88 5.00,2.50
             5.00,1.12 3.88,0.00 2.50,0.00
             1.12,0.00 0.00,1.12 0.00,2.50 Z
           M 2.50,13.00
           C 1.12,13.00 0.00,11.88 0.00,10.50
             0.00,9.12 1.12,8.00 2.50,8.00
             3.88,8.00 5.00,9.12 5.00,10.50
             5.00,11.88 3.88,13.00 2.50,13.00 Z
           M 2.50,21.00
           C 1.12,21.00 0.00,19.88 0.00,18.50
             0.00,17.12 1.12,16.00 2.50,16.00
             3.88,16.00 5.00,17.12 5.00,18.50
             5.00,19.88 3.88,21.00 2.50,21.00 Z
           M 10.50,21.00
           C 9.12,21.00 8.00,19.88 8.00,18.50
             8.00,17.12 9.12,16.00 10.50,16.00
             11.88,16.00 13.00,17.12 13.00,18.50
             13.00,19.88 11.88,21.00 10.50,21.00 Z
           M 16.00,18.50
           C 16.00,19.88 17.12,21.00 18.50,21.00
             19.88,21.00 21.00,19.88 21.00,18.50
             21.00,17.12 19.88,16.00 18.50,16.00
             17.12,16.00 16.00,17.12 16.00,18.50 Z
           M 10.50,13.00
           C 9.12,13.00 8.00,11.88 8.00,10.50
             8.00,9.12 9.12,8.00 10.50,8.00
             11.88,8.00 13.00,9.12 13.00,10.50
             13.00,11.88 11.88,13.00 10.50,13.00 Z
           M 8.00,2.50
           C 8.00,3.88 9.12,5.00 10.50,5.00
             11.88,5.00 13.00,3.88 13.00,2.50
             13.00,1.12 11.88,0.00 10.50,0.00
             9.12,0.00 8.00,1.12 8.00,2.50 Z
           M 18.50,13.00
           C 17.12,13.00 16.00,11.88 16.00,10.50
             16.00,9.12 17.12,8.00 18.50,8.00
             19.88,8.00 21.00,9.12 21.00,10.50
             21.00,11.88 19.88,13.00 18.50,13.00 Z
           M 16.00,2.50
           C 16.00,3.88 17.12,5.00 18.50,5.00
             19.88,5.00 21.00,3.88 21.00,2.50
             21.00,1.12 19.88,0.00 18.50,0.00
             17.12,0.00 16.00,1.12 16.00,2.50 Z" />
</svg>
